256 651
6 9 10
11
21 6 25 13
7
20 28
9 25 10 13
32
17 38 26 14
33 22 37 10
33 22 37 27
35 24 31
18 30 29 16
21 23 25 14
17 34 21 38 23 25 42
29
18 30 29
38 26
30 29
41 31
24 28 45
34 23 44 25 42
33 39 37 27
34 38 44 25 42
35 45 31
34 44 42
34 38
39 40 37
53 45 46
50 49 30 48
52 41 47
35
36 40 43
54 37 44
38 42
45
56 40 43
55 54
58 57 42
40
56 43
52 59 47
58 57
56
54
53 60 64 46
53 60
52 59
51 50 49 63
51 50 63
51 63
70 63
59
71 72 60 64
69 65 55 61
69 65 61

67 68 58 73 74 62
67 68 73 74 62

71 72 64
69 65 66
67 68 73 74
70 76
71 72 81 77 78
69 66
69
68 73 74
88 73 74 75
86
83 76
72 81 78 75
81 78 75
74
91
88 81 90 91
82 84 83 79
78 80
81 97 80
87 82 100 84 83 109
97
104 97 90
87 100 84 83 112 109
87 100 84
87 100 109
101 89
113 98 94 107 89 105 92
100 112 109 96 95
104 90 122 121 91
98 94
104 121 91
119 104 122 121
113 98 110 107 105
103 117 115 96 95 124 106
98
103 117 115 100 112 96 123 106
103 117 115 112 106
120
113 105
102 116 111 110 107 108
118 115 112 109 123

116 111 110 107 108
117 115 124 106
120 126 125 122 121
113 110 107
117 115 112 124
113 110
119 116 111 127
118 115 112 123
113 111
119 116
118 117 115 123

118 132
117 123
119 130 127 122
128 124 123
123 133
130 129 127 122 121
126 131 125
137 129 127 125 122
137 129 127

128 134
126 131
131
137 130 129
139 142 141 134
137 130 131

137
138 144 133
138 144
139 142 141 143 145 147 136

143 145 147
152
144
142 141 143 147
158 146 149
142 143 147 161
143 147 161
160 145 147
154 159 162
160 147 150
158 149 151
160 161
153
156 158 151
157
156 166 165
155 157 168
154 159 162 167
159 162 167
169 168 165
166 165

171 163
162 167
173 161
175
170 167
172 171 164
172
169 168 181 166


169 179
179 181

172 180
187 182
191 175 189
183
186 191
186 198 178 193
188 190 180 195
186 198 193
181
187 190 197 194
188 201
187 185 197 194
189
192 196
187
191 198 193
197 194
201 204 195
191
208 204 197 194 195

202 203 198 209 193 196
202 203 198 210 196
206 208 197
204
202 203 198 209
206 208
202 203 210
205 207 211
213

203 210
215 209 210
208 216 212
207 214 211
208
217 214 211
220 216 212
222 215

217 214
220 229 216
222 215 228
217
222
220 229

221
233 231 230 226
234 229
236 227
237
232 225
235 226
232
233 231 230
236

234
233 231
233
241

245

240
238 242
242
252 249 247 248

248

255 256 250 246 244
255 254 250 246
253 249 247
255 256 254 250
252 249 248
252
253 252
255 256 254



255 256
256
