512 4851
20 81 100 119 124 203 229 254 314 391 394 433 445 494 506 
57 61 100 124 148 186 198 202 217 249 262 291 314 420 456 472 

100 148 376 382 
46 55 100 111 119 132 156 286 376 400 403 415 416 454 496 505 
58 100 280 286 298 375 403 442 472 493 
132 136 198 
46 111 119 280 338 493 506 
55 505 

41 164 192 242 286 302 314 316 323 338 353 392 403 415 422 482 490 
132 242 356 
55 58 92 96 100 116 119 148 151 153 163 187 222 235 291 298 301 314 323 356 370 376 391 392 394 400 409 415 442 445 472 474 475 491 504 509 510 
61 67 69 100 136 148 185 280 335 379 400 490 
55 72 86 100 111 163 217 231 242 314 323 356 392 422 442 506 
5 17 57 58 78 96 100 111 148 176 181 209 217 229 235 254 295 315 379 382 391 392 394 401 403 416 425 426 445 456 465 483 
119 478 
20 58 60 81 100 124 148 153 154 167 195 217 228 254 272 280 286 291 296 308 314 323 336 355 356 392 400 401 403 428 442 494 502 505 
100 
26 55 58 61 72 100 119 124 148 169 202 207 217 244 254 280 286 301 316 335 356 373 376 382 392 403 407 447 482 504 
30 49 58 62 69 111 173 198 268 280 286 307 379 510 
124 302 
33 58 72 100 148 192 207 209 217 430 
46 55 58 61 69 100 124 148 153 167 185 202 205 253 255 280 286 314 336 401 403 425 445 451 472 
30 46 55 58 61 100 103 119 148 163 164 170 228 235 278 280 282 295 323 325 355 382 392 394 400 401 403 409 415 442 451 472 477 482 494 505 
41 46 55 57 58 72 73 95 100 103 114 142 148 186 207 229 235 262 274 280 282 286 307 319 323 338 379 382 394 413 436 442 445 448 492 495 506 
255 

57 301 426 
33 55 58 61 68 72 100 119 136 156 189 207 217 235 244 314 323 376 400 406 415 423 426 442 505 508 
482 
55 121 136 217 392 472 
55 58 100 133 148 207 268 286 353 370 376 400 409 443 451 464 
50 55 86 100 119 132 142 148 164 182 205 217 235 242 254 257 280 282 288 302 314 315 323 342 376 379 392 394 403 442 464 472 482 490 494 506 
356 386 

58 61 100 148 156 286 335 338 376 382 464 

100 505 
58 506 
57 58 60 73 100 148 163 169 181 192 209 217 229 262 280 286 304 314 322 323 334 356 367 376 392 397 400 426 442 482 506 
314 400 
55 81 132 148 209 291 364 379 392 400 415 
186 416 
58 100 153 209 314 336 370 379 409 464 
19 20 55 57 58 61 69 72 73 83 100 111 116 119 124 139 148 149 153 170 173 183 186 200 201 202 203 205 208 209 217 231 249 254 262 266 274 276 277 279 280 286 302 311 314 316 317 319 323 331 334 336 348 353 354 355 356 357 362 370 373 374 376 381 382 391 392 403 420 421 426 435 442 445 448 464 474 481 482 491 494 504 505 506 
57 73 95 100 148 192 229 235 286 301 314 325 415 473 504 
376 
100 132 187 198 213 217 231 248 254 262 280 334 392 403 445 447 482 504 510 
124 282 286 323 331 376 
100 301 392 475 482 
286 
58 
286 473 477 
57 58 61 63 67 68 69 70 72 73 82 86 87 92 93 95 100 101 109 111 116 119 123 124 132 136 144 146 148 152 156 163 164 167 169 170 173 176 177 180 181 183 185 186 187 197 198 202 205 207 209 212 213 216 217 221 222 229 230 231 235 237 240 242 249 251 254 262 266 268 277 279 280 286 291 295 296 299 301 302 304 314 316 319 320 328 331 334 335 337 338 339 340 342 356 358 364 368 369 370 375 376 378 379 381 382 385 386 389 391 392 394 400 401 403 406 408 409 415 416 420 422 423 425 426 430 431 432 442 445 447 448 449 451 455 456 462 464 465 471 472 474 477 478 481 482 485 486 490 493 494 496 504 505 506 508 510 
58 163 207 329 392 430 
58 61 67 69 72 73 75 80 100 111 124 130 131 132 133 142 145 147 148 149 156 163 164 169 174 177 181 182 195 207 209 216 217 229 242 244 262 263 266 267 280 286 288 301 314 316 319 323 335 336 346 364 378 382 392 403 415 419 442 445 462 464 473 481 482 504 505 506 510 
61 63 69 72 73 75 77 79 83 85 86 92 95 100 102 103 104 111 119 123 124 127 132 133 136 139 142 144 146 147 148 151 153 157 163 164 167 168 169 170 171 173 179 180 183 185 186 187 192 198 200 203 204 207 210 211 214 217 220 225 228 229 230 235 242 243 247 252 254 257 262 266 267 272 278 280 282 286 288 289 295 299 301 302 305 307 311 314 315 316 319 322 323 327 329 331 332 334 335 336 338 348 353 355 356 357 358 362 363 370 373 375 376 379 381 382 386 391 392 394 400 401 403 406 408 409 415 416 417 423 425 426 431 433 434 436 437 442 445 448 450 454 461 462 464 467 472 473 474 475 481 482 485 490 494 499 502 504 505 506 510 
73 
86 100 127 217 242 319 448 473 482 
62 63 69 72 75 78 83 87 94 100 102 109 123 130 132 135 147 148 152 153 154 155 159 163 164 185 187 194 203 204 209 216 217 225 229 243 253 267 268 276 280 286 291 307 311 314 323 329 335 353 356 364 381 382 392 395 400 403 406 407 415 425 426 442 445 446 450 464 472 482 490 494 504 
180 301 448 
72 86 119 142 186 207 217 286 381 392 416 454 477 505 510 
392 


100 207 217 314 331 356 392 403 505 
100 217 280 286 344 376 403 415 423 442 
72 73 75 80 85 89 99 100 103 106 111 119 123 124 132 133 146 148 152 153 157 163 167 172 173 180 192 194 197 202 207 209 210 211 217 222 228 229 231 240 249 253 262 266 274 280 286 299 300 302 308 314 319 323 358 370 376 379 382 386 392 394 401 403 415 416 422 428 443 445 448 464 465 471 472 493 494 504 505 506 508 510 512 
100 111 169 170 173 317 392 394 456 471 

73 75 92 100 102 111 124 125 133 148 159 163 173 180 181 209 215 217 229 235 247 249 254 257 262 263 272 280 282 283 286 288 301 307 309 314 334 335 355 356 357 370 376 381 382 384 392 401 403 408 409 415 442 445 446 448 449 456 462 464 473 491 504 505 511 
80 95 100 103 104 107 111 123 124 127 132 138 147 148 163 167 170 173 176 201 202 206 207 217 220 229 235 237 242 248 249 251 253 261 262 267 268 280 286 289 300 302 307 311 314 315 319 335 337 338 348 356 364 376 379 382 392 403 409 415 417 423 428 442 445 463 464 472 481 482 494 498 504 506 
133 217 
100 111 170 217 242 280 288 314 329 342 370 379 385 504 
100 148 173 280 282 323 

100 169 426 451 
124 158 209 286 356 409 451 482 
91 93 100 124 164 171 217 235 243 247 262 280 286 295 299 314 323 329 335 376 392 400 403 442 445 464 472 505 506 
100 132 147 235 240 286 353 356 392 491 492 504 
222 491 
100 119 163 180 235 243 314 355 356 376 442 460 
95 127 183 207 240 254 280 286 332 364 415 449 482 
169 194 217 242 280 373 392 401 
94 95 96 100 119 124 136 145 148 180 182 210 217 249 254 282 286 299 314 347 349 356 364 370 375 376 379 392 409 415 456 482 496 506 
131 207 392 415 
392 
96 100 111 125 148 187 207 262 304 314 323 335 376 392 505 

124 282 494 
148 217 242 280 286 316 382 505 
100 148 177 217 308 456 494 506 
100 148 235 365 
112 119 132 136 142 148 209 210 217 228 231 234 240 242 243 286 301 314 344 382 392 400 403 415 432 446 473 477 482 493 504 
100 119 235 389 423 477 493 
100 104 217 280 286 314 356 376 392 394 490 506 
100 144 217 392 403 466 
100 400 403 
101 102 103 106 108 109 111 112 113 114 116 119 123 124 126 127 128 132 133 135 136 138 141 142 146 147 148 149 150 151 152 153 154 157 163 164 165 167 169 170 173 174 175 176 177 180 181 182 183 185 186 187 192 194 195 197 198 200 202 203 206 207 209 212 214 216 217 218 222 225 228 229 230 231 235 236 237 238 239 240 242 243 247 248 249 251 253 254 255 256 257 258 262 264 266 267 268 272 274 276 280 282 283 285 286 288 289 291 295 299 300 301 302 304 306 307 308 311 314 315 316 317 319 320 322 323 325 329 330 331 332 334 335 336 337 338 340 346 348 352 355 356 357 362 363 364 368 369 370 375 376 379 381 382 385 386 387 388 389 391 392 394 395 400 401 403 406 409 411 414 415 416 417 422 423 425 426 427 430 431 432 433 436 437 440 442 445 447 448 449 451 454 456 461 462 463 464 465 467 469 471 472 473 474 475 477 479 481 482 485 486 488 490 491 492 493 494 496 497 498 499 502 503 504 505 506 507 508 510 511 
130 375 392 506 508 
123 198 209 217 239 286 314 329 355 370 403 456 462 464 
111 114 117 119 124 148 186 198 217 229 231 239 243 266 286 288 295 316 323 335 357 376 381 392 403 406 445 464 504 505 
164 217 231 242 253 280 332 335 364 370 
207 400 
280 505 
217 280 
163 249 280 
148 164 392 
209 
119 124 127 132 148 149 167 173 209 211 217 225 235 242 254 266 268 274 280 282 286 301 314 323 335 337 353 356 376 379 382 392 400 403 406 407 415 422 423 426 442 445 450 464 467 473 475 482 494 505 
119 132 148 286 288 302 409 478 505 
323 
123 127 148 164 167 225 242 280 286 335 392 491 

123 217 229 236 308 314 403 425 
124 163 235 400 415 

132 148 155 163 167 169 173 181 187 192 204 207 209 217 229 230 235 243 248 257 280 282 286 302 314 323 329 335 338 354 356 379 381 382 386 392 394 400 403 407 416 420 422 426 436 442 445 454 462 472 478 482 487 490 491 494 504 505 506 508 

161 403 
148 207 437 
147 148 167 180 181 182 194 201 207 210 217 229 235 282 286 335 379 392 394 403 415 448 473 482 504 506 
133 136 142 148 153 164 167 186 198 202 207 217 228 229 230 235 242 249 254 257 266 267 268 272 280 281 286 296 299 301 314 320 335 336 348 355 356 362 370 376 379 382 386 392 400 403 406 426 436 442 445 449 451 454 462 464 472 473 481 491 494 504 506 511 
217 338 505 
392 403 
136 148 207 209 228 231 270 280 286 288 302 314 320 333 335 344 351 376 400 403 423 442 494 
181 225 243 323 464 

148 151 217 280 286 304 369 379 415 472 482 

136 148 149 163 167 169 182 185 194 198 202 209 217 235 242 248 254 262 266 273 280 282 286 289 291 301 314 323 335 336 337 347 362 364 370 379 392 394 400 403 415 442 449 451 463 464 472 474 490 506 
186 195 201 207 209 217 228 254 280 286 291 336 348 370 386 392 403 415 422 445 451 482 493 505 

302 335 392 401 409 510 
148 207 209 217 229 239 249 266 280 286 307 314 336 338 364 367 370 379 391 392 402 403 456 464 473 475 510 

280 286 
186 
400 
392 442 
148 163 186 191 217 280 282 285 286 308 314 319 320 337 348 370 381 392 408 425 442 472 496 505 506 

403 
355 370 
154 173 202 254 280 300 314 353 403 506 
148 185 207 209 217 266 280 288 314 337 370 376 382 392 403 409 416 472 493 502 
149 153 154 157 163 167 168 173 181 185 187 191 192 194 202 203 207 209 211 214 217 228 229 230 235 240 242 243 248 249 254 257 262 263 266 267 268 272 274 278 280 286 288 289 294 295 296 301 302 303 308 311 314 323 325 329 331 332 335 336 337 338 340 342 344 346 347 348 355 356 363 365 370 375 376 378 379 382 385 386 391 392 394 395 401 403 408 409 415 416 420 422 423 425 426 431 433 436 437 442 445 446 448 451 456 461 462 464 472 473 482 485 490 491 493 494 504 505 506 509 511 
314 335 379 392 400 403 415 506 
240 242 
242 257 280 286 392 403 406 472 490 
185 202 229 314 356 379 403 472 
180 186 209 217 229 230 242 262 280 286 314 335 336 353 355 356 376 384 386 403 415 416 437 442 448 498 504 
163 169 204 209 228 266 368 370 392 445 506 

370 
176 205 217 239 240 314 335 375 400 494 

235 242 494 
217 370 505 
217 
278 451 
164 167 173 182 183 185 186 201 207 209 214 217 225 226 242 244 249 254 257 273 280 282 286 291 301 314 315 323 335 342 344 364 365 367 369 370 376 379 381 392 401 403 406 415 422 423 426 437 442 450 468 472 473 477 482 490 491 494 500 
167 186 200 207 230 248 268 280 281 311 314 323 331 348 382 392 403 415 460 461 482 511 
209 302 315 348 382 416 472 
280 379 
173 217 224 229 257 270 280 286 322 331 334 335 407 409 421 442 445 460 482 494 

192 204 275 280 286 288 295 296 314 329 341 376 379 391 434 442 482 490 506 
202 209 229 230 242 277 286 295 301 314 335 375 400 403 407 409 420 448 473 491 504 510 
464 
493 
217 229 235 240 254 257 286 300 301 323 331 335 356 376 400 401 403 415 426 445 448 472 473 505 506 

403 
217 242 244 301 392 442 456 464 494 
187 217 286 301 356 367 482 485 494 504 

242 314 
209 217 229 276 280 282 286 302 313 382 386 400 403 415 423 445 472 482 505 
280 282 286 314 392 394 400 436 442 
188 209 217 286 323 370 391 392 442 472 
248 280 301 335 338 355 442 456 472 494 504 

204 206 207 209 217 235 286 289 320 334 348 364 381 394 408 445 448 464 472 473 505 510 
194 207 209 217 253 280 295 307 314 331 336 337 379 392 400 403 406 426 433 449 464 493 494 505 
203 229 242 255 280 282 286 301 331 349 356 382 392 403 426 445 446 482 505 
332 442 


288 482 506 
202 204 217 235 243 286 301 307 314 334 335 370 392 400 401 402 403 427 451 485 504 506 

217 286 356 388 442 
209 217 236 336 381 391 394 406 415 
255 
280 302 356 442 445 504 
217 229 231 242 280 281 286 314 316 382 392 403 406 422 442 472 506 

243 356 392 395 473 
338 382 392 
207 235 240 251 254 280 286 295 302 314 331 335 336 382 415 482 490 491 505 506 
240 267 335 400 415 504 
229 286 356 403 445 482 485 
280 287 301 335 370 464 505 506 510 
217 286 288 301 307 365 392 445 456 460 504 
209 216 217 220 228 229 235 243 254 272 280 282 286 294 302 306 314 370 378 379 382 385 392 394 400 403 411 415 431 435 437 442 445 451 464 472 478 481 482 490 491 494 504 512 
356 
217 222 225 240 243 254 257 272 280 282 286 288 291 308 314 323 329 331 334 335 336 352 355 370 373 375 386 391 392 400 403 425 426 436 445 464 472 494 504 505 506 
217 235 254 314 321 392 403 
217 272 353 482 
294 382 415 
274 381 
217 240 291 356 416 425 504 505 
382 392 
286 308 314 327 335 379 406 
219 221 229 231 235 240 242 243 247 248 250 254 255 257 258 262 268 272 279 280 282 286 287 288 291 295 301 304 307 308 314 316 323 329 335 337 338 347 348 354 355 356 370 379 381 382 386 391 392 400 401 403 406 409 415 416 417 422 423 425 426 429 430 431 435 436 437 442 444 445 446 448 456 458 463 464 465 472 477 481 482 491 494 504 505 506 510 
319 442 

268 422 
286 301 382 392 394 494 
229 254 280 382 400 451 462 464 


286 377 403 


235 248 249 286 295 314 316 355 392 395 403 422 437 439 440 451 464 490 510 
236 242 254 266 268 280 282 286 288 301 305 307 314 317 319 323 335 337 338 356 370 376 379 382 392 394 400 401 403 405 415 422 426 436 439 442 445 472 482 490 494 502 504 505 506 507 
314 323 335 376 403 422 437 485 494 
239 242 253 280 286 291 314 323 325 358 385 392 400 403 416 442 464 472 482 490 491 504 



240 243 254 280 286 288 298 299 302 308 314 316 317 319 323 335 337 356 358 365 370 376 379 380 382 392 400 403 409 415 416 422 432 433 442 454 456 472 490 494 504 505 506 
259 314 322 392 494 
280 336 
403 416 
286 337 379 394 400 415 482 494 
301 323 348 353 376 379 392 419 442 471 494 505 506 
415 
244 248 249 254 262 267 280 285 286 288 301 314 323 331 334 335 338 348 364 370 376 379 382 392 394 400 401 403 404 406 415 422 432 437 439 445 472 473 482 490 505 506 508 
248 254 280 286 335 352 370 379 381 382 392 415 422 423 425 470 472 486 496 504 505 
249 258 272 286 295 301 358 379 464 


286 314 319 382 392 504 506 
249 254 255 272 280 286 314 338 391 392 400 403 407 418 431 493 506 
254 272 280 286 291 314 323 335 339 356 382 392 403 410 425 438 442 497 
336 
314 336 442 
291 295 300 464 472 
262 274 355 382 400 403 464 504 
257 258 261 262 266 268 272 280 286 299 301 308 314 315 316 323 335 338 356 364 376 378 379 382 392 395 400 403 415 442 445 460 472 473 481 482 491 494 505 
272 278 286 403 

280 286 295 301 312 335 337 356 362 370 376 385 392 400 401 403 415 425 442 445 448 451 494 
280 392 403 472 504 


280 286 336 445 
263 268 280 286 295 314 317 319 335 353 365 370 392 406 422 426 442 454 482 504 
506 
415 
403 415 448 
280 286 307 314 316 335 355 376 392 414 458 471 506 
280 286 392 403 409 494 
286 298 302 314 329 379 392 401 403 440 449 450 478 

286 481 512 

280 286 288 301 307 314 315 376 392 400 403 422 426 437 445 464 472 490 506 
280 314 400 445 
286 294 307 314 348 494 
382 
286 314 329 338 379 391 400 437 
442 
403 
280 289 388 403 415 420 472 
282 285 286 298 301 302 307 308 314 315 316 317 319 323 329 331 334 335 336 337 338 340 342 346 347 348 356 370 376 379 381 382 388 392 394 400 403 406 407 415 422 423 425 426 433 442 445 448 454 460 464 465 471 472 473 477 482 490 491 492 493 494 504 505 506 
382 505 
328 338 392 400 403 442 448 451 462 471 
335 401 

314 403 
291 295 299 301 302 308 309 314 318 323 325 331 334 335 336 337 338 344 353 355 356 358 362 364 365 367 370 376 378 379 381 382 386 391 392 394 400 401 403 406 409 415 417 422 425 427 431 432 433 436 437 442 445 448 450 454 456 460 464 467 468 472 473 478 480 482 485 493 494 499 504 505 506 
370 392 415 
289 301 308 314 358 382 403 408 421 425 433 437 442 451 464 478 
301 335 376 382 403 467 504 508 

307 325 370 403 415 420 425 457 464 504 506 


391 394 506 
321 331 334 335 336 392 403 406 428 437 449 456 464 482 491 504 
379 392 400 415 431 464 
494 
311 314 323 329 376 392 442 
301 312 433 437 492 506 
314 358 403 494 
307 311 314 315 317 323 330 335 338 347 353 355 356 370 382 386 392 400 403 405 409 415 421 425 428 445 448 451 464 467 470 472 474 486 490 497 499 505 506 510 
323 356 379 382 391 400 403 423 445 482 496 504 505 506 510 

378 464 505 
400 
314 
314 336 356 392 403 408 422 445 456 474 482 486 505 
379 392 400 408 415 423 445 467 472 494 506 

323 445 
323 422 445 464 

425 
315 316 318 319 323 331 334 335 336 338 343 348 349 356 365 370 375 376 379 381 382 386 392 400 401 403 407 408 409 415 416 422 423 426 437 442 444 445 449 451 454 460 462 463 464 467 472 473 474 477 482 490 491 494 498 500 504 505 506 510 511 
432 504 511 
323 335 349 403 422 423 460 504 505 
376 382 403 472 
325 
323 331 336 376 381 392 400 442 464 472 473 504 
356 365 376 
335 400 490 
376 382 392 403 415 448 
337 347 348 355 364 370 379 382 384 386 391 392 400 401 403 405 415 422 426 433 445 448 461 463 464 467 494 505 506 508 

329 356 376 392 425 454 
506 

337 490 
337 370 379 382 400 401 403 409 415 456 464 487 499 505 

335 341 356 382 442 459 493 510 
342 448 482 
356 381 416 
335 358 382 400 403 423 464 482 491 505 506 
337 353 355 356 362 367 376 379 382 392 394 400 403 415 422 437 454 464 472 482 491 493 497 499 503 504 505 510 
356 370 382 392 403 425 433 439 445 464 490 499 504 
356 400 401 423 445 464 473 490 504 
382 392 403 405 406 409 415 419 510 
422 
376 510 
392 403 406 
400 456 482 505 
370 381 449 
408 464 472 


348 392 445 472 482 
370 379 382 392 400 401 407 422 445 463 472 512 
392 493 

449 
494 
356 382 392 406 
356 
370 379 382 386 392 401 415 420 426 432 445 446 472 478 494 504 
370 376 379 389 392 400 403 409 415 426 435 436 440 445 448 451 463 465 472 482 494 504 506 

392 442 446 





376 391 392 445 448 463 482 494 505 506 
381 391 392 

392 445 504 

445 
376 379 382 386 392 394 400 403 406 415 422 423 442 445 448 462 464 478 490 492 493 504 505 506 


403 
403 
392 437 442 464 481 490 510 
379 382 392 400 403 415 421 423 426 439 442 445 448 464 472 478 482 490 494 496 503 505 
403 
382 392 403 406 464 485 
382 392 394 402 403 415 426 435 445 446 456 470 472 474 482 510 

382 386 392 395 450 464 485 490 
386 392 400 403 415 422 426 437 442 443 445 448 449 461 464 482 491 494 502 506 

400 454 510 
462 
392 394 409 449 464 473 482 504 

403 


392 400 403 427 451 463 494 504 505 
397 400 401 403 409 416 422 423 425 426 427 430 431 432 437 442 445 448 449 451 456 464 465 466 472 473 474 477 480 481 482 490 494 498 499 502 504 505 506 510 
403 
403 407 445 505 
445 

472 482 
422 

403 415 422 423 445 464 473 493 494 499 504 505 506 
403 437 472 482 494 505 506 
482 
406 408 409 415 421 422 425 426 432 442 444 445 448 451 454 461 463 464 465 470 471 472 473 478 482 485 490 491 494 496 502 504 506 508 
418 
506 508 510 
448 464 472 490 506 
445 493 
426 445 494 
445 461 464 468 482 506 




444 
423 425 426 437 448 460 461 464 472 473 496 506 510 
430 472 473 496 506 



421 
442 464 
437 445 464 482 494 
437 456 467 472 477 482 504 505 

431 445 451 477 504 
436 464 472 482 493 
477 
505 

437 482 494 
442 464 473 504 
465 
506 

472 
494 
448 464 472 473 498 504 506 
445 465 
504 


456 460 473 481 482 492 509 

510 
449 464 486 490 493 494 504 505 506 510 


473 504 
464 
464 505 
464 472 




481 494 



464 472 494 
504 
506 510 

465 467 472 482 490 498 504 505 508 509 511 



494 


472 482 
473 490 504 505 509 
482 490 493 494 







482 
485 494 506 


499 




499 505 507 
494 505 
505 
504 506 
504 505 506 508 







504 

505 506 511 
506 507 
507 510 






