256
5 8 9
10
20 5 24 12
6
19 27
8 24 9 12
31
16 37 25 13
32 21 36 9
32 21 36 26
34 23 30
17 29 28 15
20 22 24 13
16 33 20 37 22 24 41
28
17 29 28
37 25
29 28
40 30
23 27 44
33 22 43 24 41
32 38 36 26
33 37 43 24 41
34 44 30
33 43 41
33 37
38 39 36
52 44 45
49 48 29 47
51 40 46
34
35 39 42
53 36 43
37 41
44
55 39 42
54 53
57 56 41
39
55 42
51 58 46
57 56
55
53
52 59 63 45
52 59
51 58
50 49 48 62
50 49 62
50 62
69 62
58
70 71 59 63
68 64 54 60
68 64 60

66 67 57 72 73 61
66 67 72 73 61

70 71 63
68 64 65
66 67 72 73
69 75
70 71 80 76 77
68 65
68
67 72 73
87 72 73 74
85
82 75
71 80 77 74
80 77 74
73
90
87 80 89 90
81 83 82 78
77 79
80 96 79
86 81 99 83 82 108
96
103 96 89
86 99 83 82 111 108
86 99 83
86 99 108
100 88
112 97 93 106 88 104 91
99 111 108 95 94
103 89 121 120 90
97 93
103 120 90
118 103 121 120
112 97 109 106 104
102 116 114 95 94 123 105
97
102 116 114 99 111 95 122 105
102 116 114 111 105
119
112 104
101 115 110 109 106 107
117 114 111 108 122

115 110 109 106 107
116 114 123 105
119 125 124 121 120
112 109 106
116 114 111 123
112 109
118 115 110 126
117 114 111 122
112 110
118 115
117 116 114 122

117 131
116 122
118 129 126 121
127 123 122
122 132
129 128 126 121 120
125 130 124
136 128 126 124 121
136 128 126

127 133
125 130
130
136 129 128
138 141 140 133
136 129 130

136
137 143 132
137 143
138 141 140 142 144 146 135

142 144 146
151
143
141 140 142 146
157 145 148
141 142 146 160
142 146 160
159 144 146
153 158 161
159 146 149
157 148 150
159 160
152
155 157 150
156
155 165 164
154 156 167
153 158 161 166
158 161 166
168 167 164
165 164

170 162
161 166
172 160
174
169 166
171 170 163
171
168 167 180 165


168 178
178 180

171 179
186 181
190 174 188
182
185 190
185 197 177 192
187 189 179 194
185 197 192
180
186 189 196 193
187 200
186 184 196 193
188
191 195
186
190 197 192
196 193
200 203 194
190
207 203 196 193 194

201 202 197 208 192 195
201 202 197 209 195
205 207 196
203
201 202 197 208
205 207
201 202 209
204 206 210
212

202 209
214 208 209
207 215 211
206 213 210
207
216 213 210
219 215 211
221 214

216 213
219 228 215
221 214 227
216
221
219 228

220
232 230 229 225
233 228
235 226
236
231 224
234 225
231
232 230 229
235

233
232 230
232
240

244

239
237 241
241
251 248 246 247

247

254 255 249 245 243
254 253 249 245
252 248 246
254 255 253 249
251 248 247
251
252 251
254 255 253



254 255
255
