45
2 5 6 7 9 10 12 13 14 
3 4 8 10 14 
2 4 5 7 8 9 14 
2 3 5 9 10 12 
2 9 10 11 
35 18 20 34 19 22 25 28 27 29 15 16 
35 36 16 18 17 20 22 21 24 26 25 27 29 32 
35 33 34 16 18 20 22 21 24 23 26 28 27 29 
35 36 33 15 18 17 20 19 22 21 24 23 25 27 30 29 32 
35 36 33 15 16 18 17 22 21 24 23 26 28 30 29 
18 36 17 19 24 23 25 27 29 31 16 
36 33 15 16 20 19 22 21 24 23 26 25 28 27 30 29 32 31 
35 16 18 17 20 24 23 26 28 27 30 29 31 
36 33 34 22 21 24 26 27 30 16 
35 34 19 22 21 24 28 30 16 
35 17 20 19 22 29 32 
35 18 36 33 20 34 22 21 23 25 28 29 15 
36 17 34 19 21 24 29 31 
35 33 34 15 16 18 20 21 24 23 26 25 28 29 32 31 
39 40 37 38 44 41 42 
39 43 44 42 
38 42 45 
39 43 41 
40 37 44 45 
45 
39 40 37 38 44 42 45 
40 37 38 41 42 
39 40 37 38 44 41 45 
39 40 38 43 44 41 42 
40 37 43 44 
40 38 43 42 45 
37 44 42 45 
40 38 43 
39 37 38 42 
39 43 41 42 
37 38 43 45 
39 40 38 43 44 41 42 45 
39 40 37 43 41 42 45 
40 37 38 44 41 42 45 
37 38 43 41 45 
39 37 42 45 
37 41 


