512 4851
20 81 100 119 124 203 229 254 314 391 394 433 445 494 506 
57 61 100 124 148 186 198 202 217 249 262 291 314 420 456 472 

100 148 376 382 
46 55 100 111 119 132 156 286 376 400 403 415 416 454 496 505 
58 100 280 286 298 375 403 442 472 493 
132 136 198 
46 111 119 280 338 493 506 
55 505 

41 164 192 242 286 302 314 316 323 338 353 392 403 415 422 482 490 
132 242 356 
55 58 92 96 100 116 119 148 151 153 163 187 222 235 291 298 301 314 323 356 370 376 391 392 394 400 409 415 442 445 472 474 475 491 504 509 510 
61 67 69 100 136 148 185 280 335 379 400 490 
55 72 86 100 111 163 217 231 242 314 323 356 392 422 442 506 
5 17 57 58 78 96 100 111 148 176 181 209 217 229 235 254 295 315 379 382 391 392 394 401 403 416 425 426 445 456 465 483 
119 478 
20 58 60 81 100 124 148 153 154 167 195 217 228 254 272 280 286 291 296 308 314 323 336 355 356 392 400 401 403 428 442 494 502 505 
100 
26 55 58 61 72 100 119 124 148 169 202 207 217 244 254 280 286 301 316 335 356 373 376 382 392 403 407 447 482 504 
30 49 58 62 69 111 173 198 268 280 286 307 379 510 
124 302 
33 58 72 100 148 192 207 209 217 430 
46 55 58 61 69 100 124 148 153 167 185 202 205 253 255 280 286 314 336 401 403 425 445 451 472 
30 46 55 58 61 100 103 119 148 163 164 170 228 235 278 280 282 295 323 325 355 382 392 394 400 401 403 409 415 442 451 472 477 482 494 505 
41 46 55 57 58 72 73 95 100 103 114 142 148 186 207 229 235 262 274 280 282 286 307 319 323 338 379 382 394 413 436 442 445 448 492 495 506 
255 

57 301 426 
33 55 58 61 68 72 100 119 136 156 189 207 217 235 244 314 323 376 400 406 415 423 426 442 505 508 
482 
55 121 136 217 392 472 
55 58 100 133 148 207 268 286 353 370 376 400 409 443 451 464 
50 55 86 100 119 132 142 148 164 182 205 217 235 242 254 257 280 282 288 302 314 315 323 342 376 379 392 394 403 442 464 472 482 490 494 506 
356 386 

58 61 100 148 156 286 335 338 376 382 464 

100 505 
58 506 
57 58 60 73 100 148 163 169 181 192 209 217 229 262 280 286 304 314 322 323 334 356 367 376 392 397 400 426 442 482 506 
314 400 
55 81 132 148 209 291 364 379 392 400 415 
186 416 
58 100 153 209 314 336 370 379 409 464 
19 20 55 57 58 61 69 72 73 83 100 111 116 119 124 139 148 149 153 170 173 183 186 200 201 202 203 205 208 209 217 231 249 254 262 266 274 276 277 279 280 286 302 311 314 316 317 319 323 331 334 336 348 353 354 355 356 357 362 370 373 374 376 381 382 391 392 403 420 421 426 435 442 445 448 464 474 481 482 491 494 504 505 506 
57 73 95 100 148 192 229 235 286 301 314 325 415 473 504 
376 
100 132 187 198 213 217 231 248 254 262 280 334 392 403 445 447 482 504 510 
124 282 286 323 331 376 
100 301 392 475 482 
286 
58 
286 473 477 
57 58 61 63 67 68 69 70 72 73 82 86 87 92 93 95 100 101 109 111 116 119 123 124 132 136 144 146 148 152 156 163 164 167 169 170 173 176 177 180 181 183 185 186 187 197 198 202 205 207 209 212 213 216 217 221 222 229 230 231 235 237 240 242 249 251 254 262 266 268 277 279 280 286 291 295 296 299 301 302 304 314 316 319 320 328 331 334 335 337 338 339 340 342 356 358 364 368 369 370 375 376 378 379 381 382 385 386 389 391 392 394 400 401 403 406 408 409 415 416 420 422 423 425 426 430 431 432 442 445 447 448 449 451 455 456 462 464 465 471 472 474 477 478 481 482 485 486 490 493 494 496 504 505 506 508 510 
58 163 207 329 392 430 
58 61 67 69 72 73 75 80 100 111 124 130 131 132 133 142 145 147 148 149 156 163 164 169 174 177 181 182 195 207 209 216 217 229 242 244 262 263 266 267 280 286 288 301 314 316 319 323 335 336 346 364 378 382 392 403 415 419 442 445 462 464 473 481 482 504 505 506 510 
61 63 69 72 73 75 77 79 83 85 86 92 95 100 102 103 104 111 119 123 124 127 132 133 136 139 142 144 146 147 148 151 153 157 163 164 167 168 169 170 171 173 179 180 183 185 186 187 192 198 200 203 204 207 210 211 214 217 220 225 228 229 230 235 242 243 247 252 254 257 262 266 267 272 278 280 282 286 288 289 295 299 301 302 305 307 311 314 315 316 319 322 323 327 329 331 332 334 335 336 338 348 353 355 356 357 358 362 363 370 373 375 376 379 381 382 386 391 392 394 400 401 403 406 408 409 415 416 417 423 425 426 431 433 434 436 437 442 445 448 450 454 461 462 464 467 472 473 474 475 481 482 485 490 494 499 502 504 505 506 510 
73 
86 100 127 217 242 319 448 473 482 
62 63 69 72 75 78 83 87 94 100 102 109 123 130 132 135 147 148 152 153 154 155 159 163 164 185 187 194 203 204 209 216 217 225 229 243 253 267 268 276 280 286 291 307 311 314 323 329 335 353 356 364 381 382 392 395 400 403 406 407 415 425 426 442 445 446 450 464 472 482 490 494 504 
180 301 448 
72 86 119 142 186 207 217 286 381 392 416 454 477 505 510 
392 


100 207 217 314 331 356 392 403 505 
100 217 280 286 344 376 403 415 423 442 
72 73 75 80 85 89 99 100 103 106 111 119 123 124 132 133 146 148 152 153 157 163 167 172 173 180 192 194 197 202 207 209 210 211 217 222 228 229 231 240 249 253 262 266 274 280 286 299 300 302 308 314 319 323 358 370 376 379 382 386 392 394 401 403 415 416 422 428 443 445 448 464 465 471 472 493 494 504 505 506 508 510 512 
100 111 169 170 173 317 392 394 456 471 

73 75 92 100 102 111 124 125 133 148 159 163 173 180 181 209 215 217 229 235 247 249 254 257 262 263 272 280 282 283 286 288 301 307 309 314 334 335 355 356 357 370 376 381 382 384 392 401 403 408 409 415 442 445 446 448 449 456 462 464 473 491 504 505 511 
80 95 100 103 104 107 111 123 124 127 132 138 147 148 163 167 170 173 176 201 202 206 207 217 220 229 235 237 242 248 249 251 253 261 262 267 268 280 286 289 300 302 307 311 314 315 319 335 337 338 348 356 364 376 379 382 392 403 409 415 417 423 428 442 445 463 464 472 481 482 494 498 504 506 
133 217 
100 111 170 217 242 280 288 314 329 342 370 379 385 504 
100 148 173 280 282 323 

100 169 426 451 
124 158 209 286 356 409 451 482 
91 93 100 124 164 171 217 235 243 247 262 280 286 295 299 314 323 329 335 376 392 400 403 442 445 464 472 505 506 
100 132 147 235 240 286 353 356 392 491 492 504 
222 491 
100 119 163 180 235 243 314 355 356 376 442 460 
95 127 183 207 240 254 280 286 332 364 415 449 482 
169 194 217 242 280 373 392 401 
94 95 96 100 119 124 136 145 148 180 182 210 217 249 254 282 286 299 314 347 349 356 364 370 375 376 379 392 409 415 456 482 496 506 
131 207 392 415 
392 
96 100 111 125 148 187 207 262 304 314 323 335 376 392 505 
