80
6 9 10
11
21 6 25 13
7
20 28
9 25 10 13
32
17 38 26 14
33 22 37 10
33 22 37 27
35 24 31
18 30 29 16
21 23 25 14
17 34 21 38 23 25 42
29
18 30 29
38 26
30 29
41 31
24 28 45
34 23 44 25 42
33 39 37 27
34 38 44 25 42
35 45 31
34 44 42
34 38
39 40 37
53 45 46
50 49 30 48
52 41 47
35
36 40 43
54 37 44
38 42
45
56 40 43
55 54
58 57 42
40
56 43
52 59 47
58 57
56
54
53 60 64 46
53 60
52 59
51 50 49 63
51 50 63
51 63
70 63
59
71 72 60 64
69 65 55 61
69 65 61

67 68 58 73 74 62
67 68 73 74 62

71 72 64
69 65 66
67 68 73 74
70 76
71 72 77 78
69 66
69
68 73 74
73 74 75

76
72 78 75
78 75
74


79
7
